[Spectrum]
Version            = 1
IDData             = 604C_2020-01-21_10-42-32_444_139
IDDevice           = SAM_8622
IDDataType         = SPECTRUM
IDDataTypeSub1     = CALIBRATED
IDDataTypeSub2     = 
IDDataTypeSub3     = 
DateTime           = 2020-01-21 10:42:32
PositionLatitude   = 0
PositionLongitude  = 0
Comment            = 
CommentSub1        = 
CommentSub2        = 
CommentSub3        = 
IDMethodType       = SAMIP Control
MethodName         = SAMIP_510A
Mission            = SIF_Ponds
MissionSub         = 1
RecordType         = 0
[Attributes]
CalFactor = 1
IDBasisSpec = 
IDDataBack = DLAB_2019-01-16_16-46-28_690_754
IDDataCal = DLAB_2019-01-17_10-26-08_829_420
InclV = 16.1510960989744
InclValid = 1
InclX = 1.25
InclY = 16.1
IntegrationTime = 64
P31 = -1
P31e = 0
PathLength = +INF
PathLengthCustomOn = 0
PressValid = 1
Pressure = -0.00245692826032262
RAWDynamic = 65535
Salinity = 0
Temperature = -NAN
Unit1 = $01 $01 Wavelength nm
Unit2 = $03 $06 Intensity mW/(m^2 nm)
Unit3 = $f0 $06 Error mW/(m^2 nm)
Unit4 = $f1 $00 Status 
p999 = 1750
[END] of [Attributes]
[DATA]
 0 5 0 0
 307.23594694912 -NAN 0 0
 310.55904855028 -NAN 0 0
 313.88288704896 -NAN 0 0
 317.207451055 33.2428563769336 0 0
 320.53272917824 43.2125618570133 0 0
 323.85871002852 61.1205334034472 0 0
 327.18538221568 77.2837516914109 0 0
 330.51273434956 88.1237586169632 0 0
 333.84075504 94.9436465624339 0 0
 337.16943289684 99.5645573026327 0 0
 340.49875652992 104.96155426402 0 0
 343.82871454908 109.842706229477 0 0
 347.15929556416 114.493297088075 0 0
 350.490488185 121.49410396651 0 0
 353.82228102144 124.532566820595 0 0
 357.15466268332 123.897951560699 0 0
 360.48762178048 129.019666863227 0 0
 363.82114692276 142.487334178812 0 0
 367.15522672 154.180833369694 0 0
 370.48984978204 154.384604661571 0 0
 373.82500471872 154.309348805098 0 0
 377.16068013988 155.533596796447 0 0
 380.49686465536 151.062872348729 0 0
 383.833546875 144.849868030936 0 0
 387.17071540864 150.639232759741 0 0
 390.50835886612 155.796456341165 0 0
 393.84646585728 162.72526545347 0 0
 397.18502499196 189.269754999959 0 0
 400.52402488 226.05675171442 0 0
 403.86345413124 248.060918745289 0 0
 407.20330135552 255.228554404046 0 0
 410.54355516268 262.274041267456 0 0
 413.88420416256 268.867486314334 0 0
 417.225236965 270.811016363273 0 0
 420.56664217984 268.996714074401 0 0
 423.90840841692 264.829144551192 0 0
 427.25052428608 255.59540080713 0 0
 430.59297839716 255.040999020541 0 0
 433.93575936 267.414634405598 0 0
 437.27885578444 282.471588650136 0 0
 440.62225628032 295.673056981374 0 0
 443.96594945748 309.598733676875 0 0
 447.30992392576 322.264168985478 0 0
 450.654168295 330.367342249924 0 0
 453.99867117504 334.888276049237 0 0
 457.34342117572 336.908946260456 0 0
 460.68840690688 338.858940228198 0 0
 464.03361697836 337.998933374905 0 0
 467.37904 335.649015888136 0 0
 470.72466458164 335.431882605379 0 0
 474.07047933312 336.979100148426 0 0
 477.41647286428 339.339369539552 0 0
 480.76263378496 337.761803628012 0 0
 484.108950705 330.251974862628 0 0
 487.45541223424 324.384842465317 0 0
 490.80200698252 326.561373746985 0 0
 494.14872355968 329.450906469141 0 0
 497.49555057556 327.40277764616 0 0
 500.84247664 322.771504376966 0 0
 504.18949036284 320.889668082901 0 0
 507.53658035392 321.50296712305 0 0
 510.88373522308 317.970596458056 0 0
 514.23094358016 309.947422575347 0 0
 517.578194035 304.418280924135 0 0
 520.92547519744 305.751852567348 0 0
 524.27277567732 308.539786939217 0 0
 527.62008408448 309.833795218077 0 0
 530.96738902876 311.105401398254 0 0
 534.31467912 311.127104434754 0 0
 537.66194296804 308.932277168115 0 0
 541.00916918272 306.669124643571 0 0
 544.35634637388 305.742548694632 0 0
 547.70346315136 305.802950993428 0 0
 551.050508125 304.928878973781 0 0
 554.39746990464 302.254461166928 0 0
 557.74433710012 298.078331999963 0 0
 561.09109832128 294.048808687519 0 0
 564.43774217796 290.163634920935 0 0
 567.78425728 286.028597258562 0 0
 571.13063223724 282.395047856017 0 0
 574.47685565952 280.378961781629 0 0
 577.82291615668 281.397192049676 0 0
 581.16880233856 284.598414759939 0 0
 584.514502815 284.768993710145 0 0
 587.86000619584 281.019697171732 0 0
 591.20530109092 277.911708076374 0 0
 594.55037611008 277.491119562612 0 0
 597.89521986316 277.231712663523 0 0
 601.23982096 278.002048058602 0 0
 604.58416801044 278.943190834296 0 0
 607.92824962432 279.184372132356 0 0
 611.27205441148 278.421541708276 0 0
 614.61557098176 277.376520773324 0 0
 617.958787945 277.048457786642 0 0
 621.30169391104 276.105467205854 0 0
 624.64427748972 272.952943594036 0 0
 627.98652729088 269.178239604305 0 0
 631.32843192436 268.097749642275 0 0
 634.66998 270.591951099174 0 0
 638.01116012764 274.115095356563 0 0
 641.35196091712 276.115191287846 0 0
 644.69237097828 275.977970635227 0 0
 648.03237892096 274.370205233982 0 0
 651.371973355 270.840181162718 0 0
 654.71114289024 267.881888799824 0 0
 658.04987613652 269.340278460777 0 0
 661.38816170368 274.834833409779 0 0
 664.72598820156 278.069541199493 0 0
 668.06334424 278.464045445995 0 0
 671.40021842884 277.949195193326 0 0
 674.73659937792 277.187686689022 0 0
 678.07247569708 275.631915767852 0 0
 681.40783599616 267.910047606098 0 0
 684.742668885 251.272025722598 0 0
 688.07696297344 238.380292719133 0 0
 691.41070687132 239.727158390783 0 0
 694.74388918848 248.59010724503 0 0
 698.07649853476 253.992985495738 0 0
 701.40852352 256.447179338598 0 0
 704.73995275404 258.428517648647 0 0
 708.07077484672 259.350134544535 0 0
 711.40097840788 255.177508618245 0 0
 714.73055204736 242.511168663129 0 0
 718.059484375 228.680201573382 0 0
 721.38776400064 220.928616384188 0 0
 724.71537953412 220.287224164038 0 0
 728.04231958528 223.107531252486 0 0
 731.36857276396 230.781674961766 0 0
 734.69412768 239.001136892042 0 0
 738.01897294324 243.992187802436 0 0
 741.34309716352 246.912306553641 0 0
 744.66648895068 248.255265111285 0 0
 747.98913691456 247.876460058937 0 0
 751.311029665 244.254931716631 0 0
 754.63215581184 224.767133428439 0 0
 757.95250396492 180.373087035595 0 0
 761.27206273408 140.664209394331 0 0
 764.59082072916 145.743723827696 0 0
 767.90876656 183.358615563051 0 0
 771.22588883644 214.537440082553 0 0
 774.54217616832 228.631882742647 0 0
 777.85761716548 232.811122298978 0 0
 781.17220043776 233.065342546319 0 0
 784.485914595 230.93284947704 0 0
 787.79874824704 227.127201259581 0 0
 791.11069000372 223.109029995253 0 0
 794.42172847488 220.547805446291 0 0
 797.73185227036 218.940000762896 0 0
 801.04105 217.226351708894 0 0
 804.34931027364 215.301471926295 0 0
 807.65662170112 211.506287723177 0 0
 810.96297289228 201.91824681381 0 0
 814.26835245696 189.143986176021 0 0
 817.572749005 180.147003196194 0 0
 820.87615114624 178.693523210764 0 0
 824.17854749052 180.644130633837 0 0
 827.47992664768 183.793796709704 0 0
 830.78027722756 186.894911991847 0 0
 834.07958784 191.428107775372 0 0
 837.37784709484 196.375293474132 0 0
 840.67504360192 198.859859529493 0 0
 843.97116597108 199.474571601926 0 0
 847.26620281216 197.341516185709 0 0
 850.560142735 192.57352213472 0 0
 853.85297434944 189.906862979334 0 0
 857.14468626532 190.347140205904 0 0
 860.43526709248 191.802229120589 0 0
 863.72470544076 190.038685074444 0 0
 867.01298992 187.90803675245 0 0
 870.30010914004 188.199018194042 0 0
 873.58605171072 188.060903529273 0 0
 876.87080624188 187.816943565023 0 0
 880.15436134336 187.098303641416 0 0
 883.436705625 185.560306669141 0 0
 886.71782769664 184.55257222098 0 0
 889.99771616812 179.806611736157 0 0
 893.27635964928 169.02165289977 0 0
 896.55374674996 155.523329020215 0 0
 899.82986608 146.297304000826 0 0
 903.10470624924 143.999561864409 0 0
 906.37825586752 142.145679376034 0 0
 909.65050354468 136.557505902615 0 0
 912.92143789056 134.162890298655 0 0
 916.191047515 135.193695353595 0 0
 919.45932102784 138.107374195089 0 0
 922.72624703892 138.184477251902 0 0
 925.99181415808 127.447879937586 0 0
 929.25601099516 106.64008687493 0 0
 932.51882616 81.7185282279395 0 0
 935.78024826244 68.0685463686133 0 0
 939.04026591232 67.8503533530153 0 0
 942.29886771948 69.8683498809467 0 0
 945.55604229376 69.5973910549492 0 0
 948.811778245 71.289815826085 0 0
 952.06606418304 74.0242790098776 0 0
 955.31888871772 -NAN 0 0
 958.57024045888 -NAN 0 0
 961.82010801636 -NAN 0 0
 965.06848 -NAN 0 0
 968.31534501964 -NAN 0 0
 971.56069168512 -NAN 0 0
 974.80450860628 -NAN 0 0
 978.04678439296 -NAN 0 0
 981.287507655 -NAN 0 0
 984.52666700224 -NAN 0 0
 987.76425104452 -NAN 0 0
 991.00024839168 -NAN 0 0
 994.23464765356 -NAN 0 0
 997.46743744 -NAN 0 0
 1000.69860636084 -NAN 0 0
 1003.92814302592 -NAN 0 0
 1007.15603604508 -NAN 0 0
 1010.38227402816 -NAN 0 0
 1013.606845585 -NAN 0 0
 1016.82973932544 -NAN 0 0
 1020.05094385932 -NAN 0 0
 1023.27044779648 -NAN 0 0
 1026.48823974676 -NAN 0 0
 1029.70430832 -NAN 0 0
 1032.91864212604 -NAN 0 0
 1036.13122977472 -NAN 0 0
 1039.34205987588 -NAN 0 0
 1042.55112103936 -NAN 0 0
 1045.758401875 -NAN 0 0
 1048.96389099264 -NAN 0 0
 1052.16757700212 -NAN 0 0
 1055.36944851328 -NAN 0 0
 1058.56949413596 -NAN 0 0
 1061.76770248 -NAN 0 0
 1064.96406215524 -NAN 0 0
 1068.15856177152 -NAN 0 0
 1071.35118993868 -NAN 0 0
 1074.54193526656 -NAN 0 0
 1077.730786365 -NAN 0 0
 1080.91773184384 -NAN 0 0
 1084.10276031292 -NAN 0 0
 1087.28586038208 -NAN 0 0
 1090.46702066116 -NAN 0 0
 1093.64622976 -NAN 0 0
 1096.82347628844 -NAN 0 0
 1099.99874885632 -NAN 0 0
 1103.17203607348 -NAN 0 0
 1106.34332654976 -NAN 0 0
 1109.512608895 -NAN 0 0
 1112.67987171904 -NAN 0 0
 1115.84510363172 -NAN 0 0
 1119.00829324288 -NAN 0 0
 1122.16942916236 -NAN 0 0
 1125.3285 -NAN 0 0
 1128.48549436564 -NAN 0 0
 1131.64040086912 -NAN 0 0
 1134.79320812028 -NAN 0 0
 1137.94390472896 -NAN 0 0
 1141.092479305 -NAN 0 0
 1144.23892045824 -NAN 0 0
[END] of [DATA]
[END] of Spectrum
